%% Name:WillyB_TimR
EmailAddress1='wesedano@uwm.edu'
EmailAddress2='terooney@uwm.edu'

%spec1      %% Continuous TF Compensator - confirmed
Ts1=NaN;
Nf1=NaN;
K1=NaN;
Nc1 = 4*[0.4758, 7.194, 24.96]
Dc1 = [0.1041, 4.035, 1]

%spec2      %% Discrete TF compensator
Ts2=2.0000e-04;
Nf2=NaN;
K2=NaN;
Nc2 = [0.1412, -0.4207, 0.4177, -0.1383]
Dc2 = [1.0000, -3.8366, 5.5128, -3.5157, 0.8396]

%spec3     %% Continuous TF Compensator - confirmed
Ts3=NaN;
Nf3=NaN;
K3=NaN;
Nc3 = 400*[0.006253, 1.1856, 35.6358, 353.9052, 975.4214]
Dc3 = [0.0005312, 0.0505, 1.0173, 3.5216, 1]

%spec4      %% Discrete TF compensator
Ts4=0.0333;
Nf4=NaN;
K4=NaN;
Nc4 = [0.0033, -3.4685e-04, -2.0718e-04]
Dc4 = [1.000, -2.4762, 2.0914, -0.6034]

%spec5     %% Continuous TF Compensator
Ts5=NaN;
Nf5=NaN;
K5=NaN;
Nc5 = [6000, 606000, 606000, 600000]
Dc5 = [6020, 606240, 608000, 600000]

%spec6     %% Continuous TF Compensator
Ts6=NaN;
Nf6=NaN;
K6=NaN;
Nc6 = [30.57, 3122, 6492, 13.76]
Dc6 = [0.2, 22.4, 290.6, 5122, 6492, 13.76]

%spec10    %% State-feedback model - confirmed
Ts10 = NaN;
Nf10 = 341.3585;
K10 = [14.6755, 333.3379, 0.0021];
Nc10 = NaN;
Dc10 = NaN;

%spec12       %% Continuous TF compensator
Ts12=NaN;
Nf12=NaN;
K12=NaN;
Nc12 = [2720 -2720]
Dc12 = [1 -1]

%spec13       %% Continuous TF compensator
Ts13=NaN;
Nf13=NaN;
K13=NaN;
Nc13 = [2720 -2720]
Dc13 = [1 -1]

